Degree: 2
IsPeriodic: false
Control Points[3]:
0.0, 0.0, 0.0
0.05, 0.15, 0.0
0.1, 0.0, 0.0
Weights[3]:
1, 1, 1
Knots[6]:
0, 0, 0, 1, 1, 1

Degree: 4
IsPeriodic: false
Control Points[5]:
0.2, 0.0, 0.0
0.25, 0.05, 0.05
0.2, 0.1, 0.1
0.15, 0.05, 0.15
0.2, 0.0, 0.2
Weights[5]:
1, 1, 1, 1, 1
Knots[10]:
0, 0, 0, 0, 0, 1, 1, 1, 1, 1

Degree: 6
IsPeriodic: false
Control Points[7]:
0.0, 0.2, 0.0
0.05, 0.2, 0.05
0.1, 0.2, -0.05
0.15, 0.2, 0.05
0.2, 0.2, -0.05
0.25, 0.2, 0.05
0.3, 0.2, 0.0
Weights[7]:
1, 1, 1, 1, 1, 1, 1
Knots[14]:
0, 0, 0, 0, 0, 0, 0, 1, 1, 1, 1, 1, 1, 1

Degree: 12
IsPeriodic: false
Control Points[13]:
0.5, 0.0, 0.5
0.52, 0.05, 0.52
0.54, 0.1, 0.54
0.56, 0.15, 0.56
0.58, 0.2, 0.58
0.6, 0.25, 0.6
0.65, 0.3, 0.65
0.7, 0.25, 0.7
0.72, 0.2, 0.72
0.74, 0.15, 0.74
0.76, 0.1, 0.76
0.78, 0.05, 0.78
0.8, 0.0, 0.8
Weights[13]:
1, 1, 1, 1, 1, 1, 1, 1, 1, 1, 1, 1, 1
Knots[26]:
0,0,0,0,0,0,0,0,0,0,0,0,0,1,1,1,1,1,1,1,1,1,1,1,1,1