Degree: 1
IsPeriodic: false
Control Points[2]:
0.0, 0.0, 0.0
0.1, 0.1, 0.1
Weights[2]:
1, 1
Knots[4]:
0, 0, 1, 1

Degree: 3
IsPeriodic: false
Control Points[4]:
0.1, 0.0, 0.0
0.12, 0.05, 0.01
0.18, -0.05, 0.02
0.2, 0.0, 0.03
Weights[4]:
1, 1, 1, 1
Knots[8]:
0, 0, 0, 0, 1, 1, 1, 1

Degree: 7
IsPeriodic: false
Control Points[8]:
0.25, 0.0, 0.0
0.26, 0.02, 0.01
0.28, 0.04, 0.03
0.30, 0.05, 0.05
0.32, 0.05, 0.07
0.34, 0.04, 0.09
0.36, 0.02, 0.10
0.37, 0.0, 0.11
Weights[8]:
1, 1, 1, 1, 1, 1, 1, 1
Knots[16]:
0, 0, 0, 0, 0, 0, 0, 0, 1, 1, 1, 1, 1, 1, 1, 1

Degree: 10
IsPeriodic: false
Control Points[11]:
0.4, 0.0, 0.0
0.41, 0.05, 0.01
0.42, -0.05, 0.02
0.43, 0.05, 0.03
0.44, -0.05, 0.04
0.45, 0.0, 0.05
0.46, 0.05, 0.06
0.47, -0.05, 0.07
0.48, 0.05, 0.08
0.49, -0.05, 0.09
0.5, 0.0, 0.1
Weights[11]:
1, 1, 1, 1, 1, 1, 1, 1, 1, 1, 1
Knots[22]:
0,0,0,0,0,0,0,0,0,0,0,1,1,1,1,1,1,1,1,1,1,1

Degree: 20
IsPeriodic: false
Control Points[21]:
0.6, 0.0, 0.0
0.61, 0.01, 0.0
0.62, 0.02, 0.0
0.63, 0.03, 0.0
0.64, 0.04, 0.0
0.65, 0.05, 0.01
0.66, 0.06, 0.02
0.67, 0.07, 0.03
0.68, 0.08, 0.04
0.69, 0.09, 0.05
0.70, 0.1, 0.06
0.71, 0.09, 0.07
0.72, 0.08, 0.08
0.73, 0.07, 0.09
0.74, 0.06, 0.1
0.75, 0.05, 0.09
0.76, 0.04, 0.08
0.77, 0.03, 0.07
0.78, 0.02, 0.06
0.79, 0.01, 0.05
0.8, 0.0, 0.0
Weights[21]:
1,1,1,1,1,1,1,1,1,1,1,1,1,1,1,1,1,1,1,1,1
Knots[42]:
0,0,0,0,0,0,0,0,0,0,0,0,0,0,0,0,0,0,0,0,0,1,1,1,1,1,1,1,1,1,1,1,1,1,1,1,1,1,1,1,1,1