Degree: 2
IsPeriodic: false
Control Points[3]:
0.0, 0.0, 0.0
0.1, 0.2, 0.0
0.2, 0.0, 0.0
Weights[3]:
1.0, 15.0, 1.0
Knots[6]:
0, 0, 0, 1, 1, 1

Degree: 3
IsPeriodic: false
Control Points[4]:
0.05, 0.0, 0.0
0.15, 0.1, 0.02
-0.05, 0.1, 0.04
0.05, 0.0, 0.06
Weights[4]:
1.0, 1.0, 1.0, 1.0
Knots[8]:
0, 0, 0, 0, 1, 1, 1, 1

Degree: 5
IsPeriodic: false
Control Points[6]:
0.0, 0.0, 0.0
0.2, 0.2, 0.0
-0.1, 0.2, 0.0
0.3, 0.0, 0.0
0.0, 0.3, 0.0
0.1, -0.1, 0.0
Weights[6]:
1.0, 1.0, 1.0, 1.0, 1.0, 1.0
Knots[12]:
0, 0, 0, 0, 0, 0, 1, 1, 1, 1, 1, 1

Degree: 6
IsPeriodic: false
Control Points[7]:
0.0, 0.1, 0.0
0.05, -0.08, 0.01
0.1, 0.06, 0.02
0.15, -0.04, 0.03
0.2, 0.02, 0.04
0.25, -0.01, 0.05
0.3, 0.0, 0.06
Weights[7]:
1.0, 1.0, 1.0, 1.0, 1.0, 1.0, 1.0
Knots[14]:
0, 0, 0, 0, 0, 0, 0, 1, 1, 1, 1, 1, 1, 1